6415 1 52 0 8 0 128 2989 1197 0 175 30 31 2 11013 5 0 217 19 55 13 89 1 419 31 1 86 71 101 6325 4455 7 17 13 88 0 1 1 1 0 0 0 1 3 1 1 0 0 1 1 0 3 0 0 0 0 3 0 0 11 0 5 8 10 1 1 0 0 0 2
1 4052 30 1560 14 15 14 4 9 1625 5 47 35 347 13 302 430 41 19 32 4 41 3268 20 2357 2915 116 6562 72 14 23 39 6 4 24 0 72 384 97 5 0 3 23 24 7 17 18 3 26 1 1 9 99 5 26 3 2 27 101 38 18 240 1826 40 4 8 14 0 0 10
52 30 48582 159 11 3 1100 994 3024 7 548 252 43 7 1066 45 15 15046 164 1358 13 1061 33 27367 35 6 19190 20321 447 386 892 21 40 27 1449 0 187 983 57 4 0 5 145 39 38 39 7 3 5 13 1 67 309 8 53 2 44 97 836 75 14 313 4472 95 16 64 0 0 0 23
0 1560 159 2157 177 6 83 181 120 1853 281 106 106 534 127 177 1060 109 53 92 82 426 1718 409 5923 2289 433 17356 1876 179 72 171 17 33 73 11 184 138 1435 122 3 21 126 70 129 70 54 28 88 84 4 804 73 23 85 23 189 1185 446 1448 144 569 3141 693 103 110 57 3 6 37
8 14 11 177 25591 29 951 215 332 377 7654 89 6160 9 643 802 2 19 36 26 33635 5 70 18 7091 15 61 83 12757 706 56 18 48 48 118 3 1 1 125 752 3 129 114 118 62 549 3 466 0 81 63 4 0 0 2 433 2 11 2 809 0 1 21 1350 68 11 0 3 1 25
0 15 3 6 29 9028 4430 36 86 76 70 1 157 1 13 3522 0 4 2 0 23 4 19 12 123 5 3 24 51 14 5 0 2207 3 0 0 0 0 2 0 0 0 0 1 2 0 0 6 0 0 1 0 0 0 0 4 0 0 0 3 0 0 5 3 1 0 0 0 0 0
128 14 1100 83 951 4430 80288 6019 31814 160 35752 328 20902 27 3328 9903 5 642 146 303 1575 848 26 1885 796 8 924 530 4458 1844 1897 41 1805 72 397 4 9 13 65 269 0 60 150 88 33 229 2 173 4 43 26 5 5 1 1 141 13 16 48 498 2 14 95 697 59 33 4 0 2 23
2989 4 994 181 215 36 6019 68795 16322 227 11911 492 441 63 11996 407 26 330 226 229 204 2897 29 1854 3820 10 701 1137 47992 5099 17479 87 317 297 1026 16 6 15 84 142 2 54 184 161 26 131 9 63 4 110 8 40 0 2 2 45 19 39 132 872 3 16 157 1000 141 58 3 4 8 56
1197 9 3024 120 332 86 31814 16322 73519 135 19650 689 2931 59 24175 1368 11 3184 241 1078 620 2692 35 8200 911 17 2814 1191 2569 3675 14152 76 402 102 747 5 20 48 43 86 0 20 133 51 33 62 11 19 7 35 5 27 10 2 7 16 20 21 99 533 6 39 288 475 63 73 6 0 3 18
0 1625 7 1853 377 76 160 227 135 12330 279 70 1414 175 187 3118 37 21 16 22 671 16 7422 37 24618 1211 49 4050 1872 370 91 41 24 69 80 3 29 96 194 87 1 20 41 40 14 48 18 39 23 15 10 16 37 5 18 26 7 15 46 313 8 81 533 264 33 10 10 0 1 12
175 5 548 281 7654 70 35752 11911 19650 279 147897 822 7983 70 14233 1114 4 419 422 394 16527 506 23 737 1964 22 927 899 22685 8569 949 135 537 152 1491 8 5 10 188 1202 3 208 311 268 98 812 13 465 5 120 53 5 3 2 2 554 11 23 41 1495 6 23 91 2320 164 26 2 6 7 52
30 47 252 106 89 1 328 492 689 70 822 65260 503 6520 2449 59 2 2351 15798 5710 141 97 80 626 124 815 4298 1957 236 1644 219 1982 1689 24 7792 0 55 14 89 3 3 1 10 3 27 3 1238 0 3039 8 0 1 9 144 70 1 1 35 6 85 369 723 1068 44 10 2 511 9 0 9
31 35 43 106 6160 157 20902 441 2931 1414 7983 503 91818 61 3070 8674 0 132 240 179 12515 37 79 93 5798 37 325 322 2565 1331 140 97 403 19 332 1 1 2 62 582 20 120 57 73 72 425 4 590 2 51 96 1 3 1 2 289 1 10 1 694 2 12 28 987 39 7 4 2 1 14
2 347 7 534 9 1 27 63 59 175 70 6520 61 30432 178 35 3 17 200 64 13 6 356 12 207 11244 477 7359 27 115 14 2228 190 0 562 1 101 11 232 6 0 3 5 8 39 0 2850 1 6929 5 0 1 10 224 126 0 2 63 6 31 825 1186 2091 4 24 0 1151 15 0 19
11013 13 1066 127 643 13 3328 11996 24175 187 14233 2449 3070 178 56110 396 8 2307 1022 1283 1034 1239 54 4579 1144 48 2147 1605 2919 25837 17522 297 1397 147 1880 5 16 22 61 74 0 10 116 34 15 60 26 17 46 31 6 11 3 6 12 21 18 23 30 521 26 108 239 450 62 44 27 1 3 14
5 302 45 177 802 3522 9903 407 1368 3118 1114 59 8674 35 396 18003 15 32 20 19 873 37 914 93 4526 157 55 788 1451 415 100 7 733 51 64 1 2 15 18 119 0 28 12 16 14 70 3 124 4 14 20 3 3 1 2 52 4 7 8 135 1 7 104 186 15 3 1 0 1 4
0 430 15 1060 2 0 5 26 11 37 4 2 0 3 8 15 20103 30 4 3 0 5678 8045 19627 4958 32 16 8994 2696 21 37 1 0 8 35 13 22 74 131 12 2 9 95 92 13 26 2 3 2 76 0 5989 28 2 10 1 2228 1672 6132 890 6 30 1965 924 82 722 1 0 4 55
217 41 15046 109 19 4 642 330 3184 21 419 2351 132 17 2307 32 30 27231 2114 14784 44 473 36 12014 100 17 14605 11020 272 2058 1536 84 88 239 8039 0 251 315 61 1 0 0 18 7 17 9 12 0 22 1 0 13 122 8 88 0 5 34 68 41 32 685 1920 31 5 3 11 0 0 14
19 19 164 53 36 2 146 226 241 16 422 15798 240 200 1022 20 4 2114 10981 6501 87 49 4 290 70 91 6025 3049 110 758 130 1062 445 15 1299 0 49 18 28 3 0 0 5 3 7 1 128 0 224 4 0 0 10 57 100 0 2 6 5 28 123 661 747 8 5 4 157 4 0 8
55 32 1358 92 26 0 303 229 1078 22 394 5710 179 64 1283 19 3 14784 6501 17840 60 226 24 1772 57 93 17172 6272 144 1034 452 257 148 89 6067 1 274 125 68 4 0 0 21 14 13 2 43 0 79 11 0 3 90 60 374 0 6 17 46 35 235 1679 2151 16 2 7 46 0 0 10
13 4 13 82 33635 23 1575 204 620 671 16527 141 12515 13 1034 873 0 44 87 60 19303 12 24 34 5265 13 137 104 8054 794 68 26 88 17 164 2 1 0 73 566 4 79 65 77 41 346 2 326 1 41 47 2 0 0 0 328 1 6 1 528 0 1 10 884 39 7 0 5 3 15
89 41 1061 426 5 4 848 2897 2692 16 506 97 37 6 1239 37 5678 473 49 226 12 94761 448 48039 553 9 213 1507 16761 1997 36886 11 18 1197 12095 45 15 69 141 19 0 20 300 264 14 109 6 0 1 265 1 2044 42 5 19 3 2319 1113 1550 1373 10 23 622 2471 278 2108 1 2 20 144
1 3268 33 1718 70 19 26 29 35 7422 23 80 79 356 54 914 8045 36 4 24 24 448 18279 508 17421 1776 69 7809 790 83 151 64 6 21 33 1 42 472 352 10 1 6 74 33 30 32 30 2 44 12 2 603 69 7 20 2 116 555 1196 287 16 95 4456 245 20 59 25 1 0 17
419 20 27367 409 18 12 1885 1854 8200 37 737 626 93 12 4579 93 19627 12014 290 1772 34 48039 508 154948 1364 6 5418 39188 6404 3464 14316 24 80 680 15383 29 89 704 152 20 0 31 417 208 65 105 18 3 3 162 3 8436 155 7 40 2 4171 2680 15774 1444 14 152 10711 1748 161 1313 2 2 15 99
31 2357 35 5923 7091 123 796 3820 911 24618 1964 124 5798 207 1144 4526 4958 100 70 57 5265 553 17421 1364 74733 1195 118 5984 24804 2577 1070 52 86 525 478 97 52 128 1344 1049 3 265 1248 761 324 898 81 514 24 662 69 1821 55 22 33 358 1110 1120 1556 7569 20 84 1048 6948 1004 1162 13 25 52 250
1 2915 6 2289 15 5 8 10 17 1211 22 815 37 11244 48 157 32 17 91 93 13 9 1776 6 1195 13745 482 10572 39 34 14 504 30 0 133 1 49 8 174 0 0 5 3 4 11 4 736 1 1547 6 0 2 14 109 110 3 3 8 8 13 330 817 1307 13 8 3 539 2 1 10
86 116 19190 433 61 3 924 701 2814 49 927 4298 325 477 2147 55 16 14605 6025 17172 137 213 69 5418 118 482 145222 35352 292 1312 750 2396 318 68 3235 6 1818 1197 544 3 0 4 117 63 83 29 540 2 948 50 1 29 779 401 1460 2 25 131 232 131 1178 8747 14217 35 25 47 644 2 0 99
71 6562 20321 17356 83 24 530 1137 1191 4050 899 1957 322 7359 1605 788 8994 11020 3049 6272 104 1507 7809 39188 5984 10572 35352 176126 2765 1245 598 4320 241 113 4226 17 4216 7107 2998 40 7 51 1030 296 520 293 995 16 1894 170 38 3409 2554 614 2658 10 893 3116 13497 1027 2140 15629 66869 977 81 400 1106 3 8 300
101 72 447 1876 12757 51 4458 47992 2569 1872 22685 236 2565 27 2919 1451 2696 272 110 144 8054 16761 790 6404 24804 39 292 2765 88260 7692 23346 42 185 2225 2646 179 40 66 857 1664 8 444 2190 1128 309 1563 65 735 10 1044 100 1202 43 20 29 615 1131 901 1147 7897 10 40 519 9012 1461 1966 2 26 86 343
6325 14 386 179 706 14 1844 5099 3675 370 8569 1644 1331 115 25837 415 21 2058 758 1034 794 1997 83 3464 2577 34 1312 1245 7692 78056 21288 180 2142 13286 5734 12 18 9 72 76 1 19 159 60 20 78 13 27 24 46 4 26 8 4 10 23 37 27 32 596 10 82 129 605 85 76 12 1 6 11
4455 23 892 72 56 5 1897 17479 14152 91 949 219 140 14 17522 100 37 1536 130 452 68 36886 151 14316 1070 14 750 598 23346 21288 82555 27 125 2590 7871 20 7 27 43 27 0 22 282 163 16 73 3 7 1 92 1 159 12 1 6 4 208 104 166 770 0 24 119 1195 175 280 0 1 13 54
7 39 21 171 18 0 41 87 76 41 135 1982 97 2228 297 7 1 84 1062 257 26 11 64 24 52 504 2396 4320 42 180 27 1544 161 4 242 0 49 18 96 0 0 0 3 2 11 0 549 0 1098 10 0 0 18 191 157 0 3 17 11 10 370 1142 1727 2 7 4 515 1 0 9
17 6 40 17 48 2207 1805 317 402 24 537 1689 403 190 1397 733 0 88 445 148 88 18 6 80 86 30 318 241 185 2142 125 161 11166 5 1277 0 2 1 7 4 0 1 10 3 4 5 13 2 33 0 1 2 0 2 4 1 1 2 0 47 7 19 36 34 2 1 12 0 0 0
13 4 27 33 48 3 72 297 102 69 152 24 19 0 147 51 8 239 15 89 17 1197 21 680 525 0 68 113 2225 13286 2590 4 5 13203 3315 2 4 4 10 10 0 2 26 12 0 10 1 3 0 6 0 6 1 0 0 2 13 3 8 92 0 2 16 113 10 17 1 0 1 9
88 24 1449 73 118 0 397 1026 747 80 1491 7792 332 562 1880 64 35 8039 1299 6067 164 12095 33 15383 478 133 3235 4226 2646 5734 7871 242 1277 3315 34698 1 41 46 35 25 0 8 47 15 9 20 49 7 117 9 2 14 14 13 33 3 15 14 39 167 37 188 363 123 16 23 15 2 1 9
0 0 0 11 3 0 4 16 5 3 8 0 1 1 5 1 13 0 0 1 2 45 1 29 97 1 6 17 179 12 20 0 0 2 1 9097 4 13 25 78 2 143 1830 1861 23 448 81 47 2 10428 16 27 50 40 80 43 121 16 137 338 3 53 78 1182 10309 2547 4 13 35 349
1 72 187 184 1 0 9 6 20 29 5 55 1 101 16 2 22 251 49 274 1 15 42 89 52 49 1818 4216 40 18 7 49 2 4 41 4 7668 181 1934 123 11 13 27 19 2302 11 80 12 677 13 111 116 204 20 170 2 11 3664 46 2000 3726 1168 14594 38 7 19 36 2 0 18
1 384 983 138 1 0 13 15 48 96 10 14 2 11 22 15 74 315 18 125 0 69 472 704 128 8 1197 7107 66 9 27 18 1 4 46 13 181 39322 70 20 0 221 4180 818 19 1335 237 14 7 229 7 40 7972 193 1840 17 493 52 18646 79 21 25662 19495 1370 158 421 17 5 6 608
1 97 57 1435 125 2 65 84 43 194 188 89 62 232 61 18 131 61 28 68 73 141 352 152 1344 174 544 2998 857 72 43 96 7 10 35 25 1934 70 1934 342 6 36 186 118 1476 123 499 62 3029 112 38 273 180 78 139 32 46 1442 89 3681 2013 750 8998 879 240 85 275 10 8 61
0 5 4 122 752 0 269 142 86 87 1202 3 582 6 74 119 12 1 3 4 566 19 10 20 1049 0 3 40 1664 76 27 0 4 10 25 78 123 20 342 43400 69 424 279 728 2393 14648 142 7068 14 823 470 32 15 46 23 34566 14 595 43 17797 42 68 284 11107 1151 67 20 54 17 243
0 0 0 3 3 0 0 2 0 1 3 3 20 0 0 0 2 0 0 0 4 0 1 0 3 0 0 7 8 1 0 0 0 0 0 2 11 0 6 69 7654 8489 19 452 219 52 255 118 17 57 4572 2 0 11 2 18 0 33 5 207 7 18 37 80 64 0 9 2678 1 156
0 3 5 21 129 0 60 54 20 20 208 1 120 3 10 28 9 0 0 0 79 20 6 31 265 5 4 51 444 19 22 0 1 2 8 143 13 221 36 424 8489 114834 1977 26366 379 31499 543 9998 26 2796 11332 15 54 104 48 310 106 55 365 722 10 235 255 3723 1865 133 37 2463 22 426
1 23 145 126 114 0 150 184 133 41 311 10 57 5 116 12 95 18 5 21 65 300 74 417 1248 3 117 1030 2190 159 282 3 10 26 47 1830 27 4180 186 279 19 1977 103076 14588 195 19179 606 229 14 17577 128 94 2900 365 1842 151 5488 91 14514 1743 19 3102 3513 34768 5441 22652 45 86 336 2291
3 24 39 70 118 1 88 161 51 40 268 3 73 8 34 16 92 7 3 14 77 264 33 208 761 4 63 296 1128 60 163 2 3 12 15 1861 19 818 118 728 452 26366 14588 63675 182 18125 1871 2092 78 26462 1416 143 917 478 982 619 881 102 2389 1506 25 2086 990 4085 5093 4449 115 1838 62 1308
1 7 38 129 62 2 33 26 33 14 98 27 72 39 15 14 13 17 7 13 41 14 30 65 324 11 83 520 309 20 16 11 4 0 9 23 2302 19 1476 2393 219 379 195 182 11613 205 58 953 207 149 2221 111 37 8 31 137 10 7754 24 20833 731 97 4588 960 227 45 9 10 19 46
1 17 39 70 549 0 229 131 62 48 812 3 425 0 60 70 26 9 1 2 346 109 32 105 898 4 29 293 1563 78 73 0 5 10 20 448 11 1335 123 14648 52 31499 19179 18125 205 173146 771 15556 34 7665 746 27 406 243 328 14723 517 37 2191 1333 13 1067 1065 39938 6988 512 67 213 109 1297
0 18 7 54 3 0 2 9 11 18 13 1238 4 2850 26 3 2 12 128 43 2 6 30 18 81 736 540 995 65 13 3 549 13 1 49 81 80 237 499 142 255 543 606 1871 58 771 71205 441 4046 2876 79 10 1044 11257 4635 217 297 58 1122 206 561 4944 1676 510 4400 444 1262 2545 19 6865
0 3 3 28 466 6 173 63 19 39 465 0 590 1 17 124 3 0 0 0 326 0 2 3 514 1 2 16 735 27 7 0 2 3 7 47 12 14 62 7068 118 9998 229 2092 953 15556 441 98520 22 1840 5097 2 11 143 63 30593 8 43 34 2909 12 135 96 2386 1293 46 37 146 6 305
1 26 5 88 0 0 4 4 7 23 5 3039 2 6929 46 4 2 22 224 79 1 1 44 3 24 1547 948 1894 10 24 1 1098 33 0 117 2 677 7 3029 14 17 26 14 78 207 34 4046 22 37978 114 14 1 18 145 87 12 4 301 19 151 6484 547 9419 26 189 8 1445 124 2 82
1 1 13 84 81 0 43 110 35 15 120 8 51 5 31 14 76 1 4 11 41 265 12 162 662 6 50 170 1044 46 92 10 0 6 9 10428 13 229 112 823 57 2796 17577 26462 149 7665 2876 1840 114 55376 359 142 699 637 991 809 769 95 1355 1663 32 1350 914 4423 16311 10314 154 805 48 2489
0 1 1 4 63 1 26 8 5 10 53 0 96 0 6 20 0 0 0 0 47 1 2 3 69 0 1 38 100 4 1 0 1 0 2 16 111 7 38 470 4572 11332 128 1416 2221 746 79 5097 14 359 11716 7 7 17 5 342 6 304 20 1811 30 33 243 625 228 11 8 164 8 47
3 9 67 804 4 0 5 40 27 16 5 1 1 1 11 3 5989 13 0 3 2 2044 603 8436 1821 2 29 3409 1202 26 159 0 2 6 14 27 116 40 273 32 2 15 94 143 111 27 10 2 1 142 7 33753 72 12 19 3 7355 8575 20739 7952 9 50 6424 4681 175 1077 0 1 18 153
0 99 309 73 0 0 5 0 10 37 3 9 3 10 3 3 28 122 10 90 0 42 69 155 55 14 779 2554 43 8 12 18 0 1 14 50 204 7972 180 15 0 54 2900 917 37 406 1044 11 18 699 7 72 16474 884 9374 5 595 73 9062 137 32 6460 15638 756 191 1132 23 4 12 7858
0 5 8 23 0 0 1 2 2 5 2 144 1 224 6 1 2 8 57 60 0 5 7 7 22 109 401 614 20 4 1 191 2 0 13 40 20 193 78 46 11 104 365 478 8 243 11257 143 145 637 17 12 884 4444 4646 45 149 12 664 58 142 6170 1611 154 564 246 312 151 7 1223
0 26 53 85 2 0 1 2 7 18 2 70 2 126 12 2 10 88 100 374 0 19 20 40 33 110 1460 2658 29 10 6 157 4 0 33 80 170 1840 139 23 2 48 1842 982 31 328 4635 63 87 991 5 19 9374 4646 21937 25 324 28 2714 68 290 13952 7965 374 316 836 113 22 16 5265
0 3 2 23 433 4 141 45 16 26 554 1 289 0 21 52 1 0 0 0 328 3 2 2 358 3 2 10 615 23 4 0 1 2 3 43 2 17 32 34566 18 310 151 619 137 14723 217 30593 12 809 342 3 5 45 25 21013 4 3 23 1346 0 62 32 4822 981 26 22 60 4 228
3 2 44 189 2 0 13 19 20 7 11 1 1 2 18 4 2228 5 2 6 1 2319 116 4171 1110 3 25 893 1131 37 208 3 1 13 15 121 11 493 46 14 0 106 5488 881 10 517 297 8 4 769 6 7355 595 149 324 4 69174 332 50663 1185 6 274 1151 21719 1072 24680 10 4 174 8258
0 27 97 1185 11 0 16 39 21 15 23 35 10 63 23 7 1672 34 6 17 6 1113 555 2680 1120 8 131 3116 901 27 104 17 2 3 14 16 3664 52 1442 595 33 55 91 102 7754 37 58 43 301 95 304 8575 73 12 28 3 332 16188 1030 15218 1122 106 11759 715 122 511 23 1 9 49
0 101 836 446 2 0 48 132 99 46 41 6 1 6 30 8 6132 68 5 46 1 1550 1196 15774 1556 8 232 13497 1147 32 166 11 0 8 39 137 46 18646 89 43 5 365 14514 2389 24 2191 1122 34 19 1355 20 20739 9062 664 2714 23 50663 1030 156030 1716 42 4770 32967 17719 928 8584 26 17 122 10349
11 38 75 1448 809 3 498 872 533 313 1495 85 694 31 521 135 890 41 28 35 528 1373 287 1444 7569 13 131 1027 7897 596 770 10 47 92 167 338 2000 79 3681 17797 207 722 1743 1506 20833 1333 206 2909 151 1663 1811 7952 137 58 68 1346 1185 15218 1716 87008 547 163 6204 19619 2804 2039 21 58 207 678
0 18 14 144 0 0 2 3 6 8 6 369 2 825 26 1 6 32 123 235 0 10 16 14 20 330 1178 2140 10 10 0 370 7 0 37 3 3726 21 2013 42 7 10 19 25 731 13 561 12 6484 32 30 9 32 142 290 0 6 1122 42 547 12694 1484 9149 6 14 17 324 8 0 32
5 240 313 569 1 0 14 16 39 81 23 723 12 1186 108 7 30 685 661 1679 1 23 95 152 84 817 8747 15629 40 82 24 1142 19 2 188 53 1168 25662 750 68 18 235 3102 2086 97 1067 4944 135 547 1350 33 50 6460 6170 13952 62 274 106 4770 163 1484 104361 37447 656 758 719 906 151 14 1055
8 1826 4472 3141 21 5 95 157 288 533 91 1068 28 2091 239 104 1965 1920 747 2151 10 622 4456 10711 1048 1307 14217 66869 519 129 119 1727 36 16 363 78 14594 19495 8998 284 37 255 3513 990 4588 1065 1676 96 9419 914 243 6424 15638 1611 7965 32 1151 11759 32967 6204 9149 37447 186436 3076 621 1006 1513 40 38 2900
10 40 95 693 1350 3 697 1000 475 264 2320 44 987 4 450 186 924 31 8 16 884 2471 245 1748 6948 13 35 977 9012 605 1195 2 34 113 123 1182 38 1370 879 11107 80 3723 34768 4085 960 39938 510 2386 26 4423 625 4681 756 154 374 4822 21719 715 17719 19619 6 656 3076 116929 11376 12099 26 124 1427 8308
1 4 16 103 68 1 59 141 63 33 164 10 39 24 62 15 82 5 5 2 39 278 20 161 1004 8 25 81 1461 85 175 7 2 10 16 10309 7 158 240 1151 64 1865 5441 5093 227 6988 4400 1293 189 16311 228 175 191 564 316 981 1072 122 928 2804 14 758 621 11376 63908 7794 215 792 6233 9474
1 8 64 110 11 0 33 58 73 10 26 2 7 0 44 3 722 3 4 7 7 2108 59 1313 1162 3 47 400 1966 76 280 4 1 17 23 2547 19 421 85 67 0 133 22652 4449 45 512 444 46 8 10314 11 1077 1132 246 836 26 24680 511 8584 2039 17 719 1006 12099 7794 58539 8 12 816 8213
0 14 0 57 0 0 4 3 6 10 2 511 4 1151 27 1 1 11 157 46 0 1 25 2 13 539 644 1106 2 12 0 515 12 1 15 4 36 17 275 20 9 37 45 115 9 67 1262 37 1445 154 8 0 23 312 113 22 10 23 26 21 324 906 1513 26 215 8 661 88 2 67
0 0 0 3 3 0 0 4 0 0 6 9 2 15 1 0 0 0 4 0 5 2 1 2 25 2 2 3 26 1 1 1 0 0 2 13 2 5 10 54 2678 2463 86 1838 10 213 2545 146 124 805 164 1 4 151 22 60 4 1 17 58 8 151 40 124 792 12 88 4359 1 1544
0 0 0 6 1 0 2 8 3 1 7 0 1 0 3 1 4 0 0 0 3 20 0 15 52 1 0 8 86 6 13 0 0 1 1 35 0 6 8 17 1 22 336 62 19 109 19 6 2 48 8 18 12 7 16 4 174 9 122 207 0 14 38 1427 6233 816 2 1 4229 1956
2 10 23 37 25 0 23 56 18 12 52 9 14 19 14 4 55 14 8 10 15 144 17 99 250 10 99 300 343 11 54 9 0 9 9 349 18 608 61 243 156 426 2291 1308 46 1297 6865 305 82 2489 47 153 7858 1223 5265 228 8258 49 10349 678 32 1055 2900 8308 9474 8213 67 1544 1956 29348
