9448 3 39 15 16 1 194 4704 2429 17 393 115 33 4 16095 8 0 379 39 117 25 74 5 143 79 2 162 121 459 14633 4095 15 26 163 194 1 2 3 2 0 0 1 1 5 1 4 0 1 3 10 0 8 2 0 2 0 5 2 0 61 1 17 28 41 5 9 0 0 0 9
3 3244 120 1168 3 1 15 17 29 531 7 209 4 410 18 14 20 425 37 195 8 20 2950 40 1317 3877 712 8011 57 24 37 67 13 1 176 4 145 652 188 1 0 6 30 12 6 5 9 0 27 2 0 83 211 10 69 0 10 84 50 49 26 1432 4341 50 1 22 22 0 0 42
39 120 47936 95 7 0 573 4518 1021 13 528 220 28 17 568 24 14 10950 198 858 17 1409 110 27351 239 49 21890 19749 4573 425 983 64 39 39 2146 1 66 1642 33 0 0 13 108 34 9 4 11 0 16 17 6 263 385 6 85 1 55 195 640 172 6 421 6673 189 7 50 4 3 2 67
15 1168 95 577 38 4 91 112 190 1172 108 292 47 286 138 36 210 574 48 193 54 216 1769 169 3354 927 630 11044 630 247 178 70 25 32 527 6 61 123 694 21 0 15 29 61 372 40 25 4 41 92 4 337 48 14 42 9 54 1144 100 967 21 285 1212 337 45 62 18 8 10 59
16 3 7 38 40769 5 359 116 324 86 4828 98 9355 8 266 138 0 6 24 12 46741 6 2 2 7855 5 67 38 12021 381 13 20 23 1 251 3 0 1 18 315 1 83 30 46 20 646 3 59 2 44 5 3 1 0 0 172 1 2 1 1156 1 1 20 783 45 1 0 4 2 50
1 1 0 4 5 4324 1105 10 27 109 8 5 49 0 5 1825 0 1 0 1 2 0 1 1 185 0 4 15 19 7 4 1 3687 1 8 0 0 0 0 0 0 0 0 0 0 0 0 0 0 0 0 2 0 0 0 0 0 0 1 7 0 0 4 4 1 0 0 0 0 1
194 15 573 91 359 1105 71821 9312 24567 260 33999 714 27195 65 2328 5558 2 971 135 363 2625 225 17 462 1032 19 1485 497 4203 1917 790 59 1283 59 899 7 7 24 41 28 1 57 66 117 40 89 8 7 13 124 7 45 5 8 7 30 10 31 19 1014 5 32 108 637 96 63 3 11 10 86
4704 17 4518 112 116 10 9312 85876 16475 85 30776 595 651 42 16749 351 1 3479 282 577 275 2823 38 3148 2621 43 4451 1538 49830 11358 17711 97 141 894 3191 10 8 131 45 25 1 26 30 64 11 80 8 4 5 64 3 127 38 3 7 15 79 90 93 820 6 61 512 650 70 153 1 17 23 82
2429 29 1021 190 324 27 24567 16475 78079 359 19325 1126 1855 49 32455 876 8 3492 386 1175 842 589 40 1474 1546 44 2870 1262 4183 3702 4969 60 439 68 1219 5 12 65 55 12 3 37 70 127 58 48 9 5 17 172 6 53 11 1 9 6 31 50 23 1239 3 94 275 745 99 80 1 15 23 130
17 531 13 1172 86 109 260 85 359 10648 191 187 1592 172 244 2882 29 132 28 35 99 24 4012 71 20835 615 172 4927 703 495 43 27 33 59 309 2 9 59 186 45 3 25 23 64 162 107 9 10 9 112 5 93 17 8 17 26 11 45 60 774 6 111 443 318 74 17 9 13 7 91
393 7 528 108 4828 8 33999 30776 19325 191 158265 779 10479 55 12652 573 1 839 205 239 16372 231 12 456 1586 41 1242 581 11967 5342 911 110 135 41 2382 5 1 20 34 583 1 151 68 112 36 839 8 97 7 116 10 17 4 0 0 249 6 13 10 2133 6 28 105 1469 105 19 3 10 21 156
115 209 220 292 98 5 714 595 1126 187 779 63879 667 2943 1026 18 31 1672 11087 6954 284 109 166 679 541 1311 7445 3212 767 728 615 2121 756 23 8146 9 93 210 97 0 7 7 34 50 28 4 632 6 2289 41 0 20 181 234 560 2 6 36 42 290 389 2632 3238 152 16 60 330 105 2 131
33 4 28 47 9355 49 27195 651 1855 1592 10479 667 74223 55 1272 4212 0 51 130 70 23643 7 9 25 7341 45 355 286 3142 1168 40 73 180 9 693 1 0 3 12 151 0 18 11 20 22 257 3 64 5 17 3 2 2 0 4 77 0 3 2 438 7 18 51 284 14 6 0 2 3 7
4 410 17 286 8 0 65 42 49 172 55 2943 55 25182 55 5 7 23 38 34 27 7 319 33 289 7426 201 8305 76 30 13 1861 95 2 157 8 88 75 138 0 18 9 32 40 15 4 898 4 4467 32 0 16 102 329 608 3 3 44 25 49 588 2294 3363 26 14 26 674 123 1 150
16095 18 568 138 266 5 2328 16749 32455 244 12652 1026 1272 55 58388 102 3 1993 274 643 809 344 32 845 1058 45 1424 854 3447 18650 5277 60 948 59 1345 6 2 27 44 9 0 29 32 73 34 37 9 1 29 95 3 39 8 2 10 14 22 47 14 814 8 68 179 476 69 40 2 10 18 67
8 14 24 36 138 1825 5558 351 876 2882 573 18 4212 5 102 7562 1 73 4 21 192 12 42 26 4201 15 85 305 505 142 52 1 157 15 63 0 1 9 5 10 0 3 1 8 0 17 0 1 0 20 0 18 1 1 0 6 4 6 5 96 0 2 20 51 12 1 0 0 3 8
0 20 14 210 0 0 2 1 8 29 1 31 0 7 3 1 4458 74 9 22 0 1067 2109 11425 446 16 87 9941 30 4 40 13 2 0 79 1 12 54 207 0 0 0 1 1 1 0 12 0 5 2 1 3136 37 18 44 0 492 868 2593 236 6 120 750 160 0 46 9 0 1 22
379 425 10950 574 6 1 971 3479 3492 132 839 1672 51 23 1993 73 74 35642 2191 16346 20 1314 253 9736 539 52 13078 16871 2066 1226 4944 52 52 41 7598 0 98 998 72 1 0 9 64 16 13 4 11 1 12 9 3 167 269 10 65 1 31 161 124 143 14 832 4246 132 7 26 8 1 1 51
39 37 198 48 24 0 135 282 386 28 205 11087 130 38 274 4 9 2191 4878 11233 66 50 19 230 105 259 6410 1750 198 211 341 270 54 5 1238 2 35 139 29 0 0 1 19 2 11 2 23 3 55 7 1 6 89 21 158 1 3 12 15 59 73 918 1225 34 1 13 17 4 0 26
117 195 858 193 12 1 363 577 1175 35 239 6954 70 34 643 21 22 16346 11233 21287 53 143 46 667 139 185 22220 4252 266 581 1176 84 55 25 5706 5 55 348 68 0 0 3 29 6 5 5 4 3 31 7 1 24 163 15 188 0 6 34 24 61 75 1644 2895 40 1 20 23 0 0 44
25 8 17 54 46741 2 2625 275 842 99 16372 284 23643 27 809 192 0 20 66 53 11528 9 4 21 3876 26 187 153 4574 977 28 31 42 3 460 3 2 2 21 203 1 102 41 73 21 468 1 47 4 98 7 5 2 0 1 158 0 7 1 1165 2 13 24 787 58 2 1 11 9 74
74 20 1409 216 6 0 225 2823 589 24 231 109 7 7 344 12 1067 1314 50 143 9 108083 774 33291 1185 15 385 3652 14295 677 27516 14 28 218 9128 10 16 76 195 0 0 6 21 17 9 0 3 1 2 26 2 1738 47 6 21 0 1317 951 2192 1084 7 79 680 942 32 880 2 3 19 120
5 2950 110 1769 2 1 17 38 40 4012 12 166 9 319 32 42 2109 253 19 46 4 774 18072 665 14143 1440 252 10805 433 110 253 55 8 33 243 3 36 297 786 4 2 7 18 25 67 2 12 2 23 13 0 2053 64 7 27 1 500 1850 1809 864 13 224 2111 571 20 218 8 4 12 71
143 40 27351 169 2 1 462 3148 1474 71 456 679 25 33 845 26 11425 9736 230 667 21 33291 665 175462 479 132 1951 33793 5851 735 11672 81 97 57 14096 11 40 1286 248 0 1 7 78 23 13 4 55 0 61 21 1 7359 260 91 234 1 1825 1895 9207 801 55 724 10047 691 15 348 32 1 0 125
79 1317 239 3354 7855 185 1032 2621 1546 20835 1586 541 7341 289 1058 4201 446 539 105 139 3876 1185 14143 479 98174 1215 721 13866 29798 2551 1234 114 103 357 1681 70 66 306 1240 1197 26 546 398 1019 443 2898 154 307 46 1363 51 2180 112 90 93 732 1209 1688 1686 13166 35 423 1905 7743 888 1348 42 186 165 1195
2 3877 49 927 5 0 19 43 44 615 41 1311 45 7426 45 15 16 52 259 185 26 15 1440 132 1215 10920 1160 12191 79 39 16 1178 47 0 184 1 51 184 146 0 0 10 15 13 3 3 88 2 497 14 1 32 127 57 301 2 6 36 24 48 180 1665 2188 35 6 13 111 10 0 43
162 712 21890 630 67 4 1485 4451 2870 172 1242 7445 355 201 1424 85 87 13078 6410 22220 187 385 252 1951 721 1160 130453 38596 2239 898 1327 2391 231 32 5131 17 357 2176 447 1 6 6 167 59 51 20 159 6 524 41 4 186 967 146 1095 5 32 205 198 256 481 8055 14827 208 24 125 161 9 1 252
121 8011 19749 11044 38 15 497 1538 1262 4927 581 3212 286 8305 854 305 9941 16871 1750 4252 153 3652 10805 33793 13866 12191 38596 161651 3748 1070 1159 3617 213 58 9411 39 1445 8302 2120 22 4 56 517 159 151 93 446 22 1445 145 29 5842 2679 454 2037 22 455 3932 6532 1115 1191 14255 67043 995 50 263 547 24 8 601
459 57 4573 630 12021 19 4203 49830 4183 703 11967 767 3142 76 3447 505 30 2066 198 266 4574 14295 433 5851 29798 79 2239 3748 133081 9556 20059 105 138 1737 5185 39 30 160 263 688 9 476 298 574 186 1823 71 132 20 699 33 713 38 28 40 416 520 547 544 7808 8 106 751 5684 518 890 8 112 123 624
14633 24 425 247 381 7 1917 11358 3702 495 5342 728 1168 30 18650 142 4 1226 211 581 977 677 110 735 2551 39 898 1070 9556 107260 13796 58 3156 14876 3817 10 10 31 106 32 3 52 68 149 47 115 10 10 11 167 3 151 10 4 7 34 89 107 65 1709 4 66 223 1021 114 197 2 20 35 148
4095 37 983 178 13 4 790 17711 4969 43 911 615 40 13 5277 52 40 4944 341 1176 28 27516 253 11672 1234 16 1327 1159 20059 13796 68183 27 66 450 13666 7 9 64 85 0 1 6 19 36 8 2 6 2 2 34 1 393 27 2 5 1 391 236 364 1021 7 89 326 957 38 377 2 4 28 78
15 67 64 70 20 1 59 97 60 27 110 2121 73 1861 60 1 13 52 270 84 31 14 55 81 114 1178 2391 3617 105 58 27 2172 45 0 249 9 128 194 105 0 0 3 34 35 14 7 402 7 1195 34 2 10 220 184 605 2 4 41 34 51 368 2519 2992 37 13 49 279 17 0 80
26 13 39 25 23 3687 1283 141 439 33 135 756 180 95 948 157 2 52 54 55 42 28 8 97 103 47 231 213 138 3156 66 45 5148 3 2306 1 0 3 7 2 0 1 4 3 6 0 13 0 25 5 0 2 1 6 4 1 1 2 1 70 7 31 50 35 5 5 7 1 0 8
163 1 39 32 1 1 59 894 68 59 41 23 9 2 59 15 0 41 5 25 3 218 33 57 357 0 32 58 1737 14876 450 0 3 14843 991 0 0 5 10 1 0 4 10 12 4 8 2 0 0 11 0 36 1 0 1 3 33 23 19 166 0 7 11 107 7 38 0 0 6 7
194 176 2146 527 251 8 899 3191 1219 309 2382 8146 693 157 1345 63 79 7598 1238 5706 460 9128 243 14096 1681 184 5131 9411 5185 3817 13666 249 2306 991 38541 7 40 230 108 23 5 35 52 102 38 64 25 5 83 115 5 149 82 13 53 10 82 134 106 912 30 486 1715 561 77 125 36 10 16 114
1 4 1 6 3 0 7 10 5 2 5 9 1 8 6 0 1 0 2 5 3 10 3 11 70 1 17 39 39 10 7 9 1 0 7 11255 1 71 12 35 1 207 7277 1284 5 516 88 90 7 12238 5 7 312 37 146 65 187 14 259 125 7 334 199 551 11635 13788 33 29 78 547
2 145 66 61 0 0 7 8 12 9 1 93 0 88 2 1 12 98 35 55 2 16 36 40 66 51 357 1445 30 10 9 128 0 0 40 1 5813 32 1649 1 9 4 1 7 1052 0 16 8 96 10 60 103 56 6 43 1 16 3116 14 2482 3237 296 9061 34 5 6 17 7 0 45
3 652 1642 123 1 0 24 131 65 59 20 210 3 75 27 9 54 998 139 348 2 76 297 1286 306 184 2176 8302 160 31 64 194 3 5 230 71 32 36226 45 1 2 432 6079 843 7 182 85 11 39 337 11 133 11710 51 500 6 341 54 16252 214 40 22752 29669 5467 161 445 85 12 15 693
2 188 33 694 18 0 41 45 55 186 34 97 12 138 44 5 207 72 29 68 21 195 786 248 1240 146 447 2120 263 106 85 105 7 10 108 12 1649 45 330 25 8 25 35 82 611 62 495 16 2973 93 13 323 37 79 118 13 107 427 79 1785 1818 567 6597 395 77 111 200 104 28 203
0 1 0 21 315 0 28 25 12 45 583 0 151 0 9 10 0 1 0 0 203 0 4 0 1197 0 1 22 688 32 0 0 2 1 23 35 1 1 25 46198 13 643 29 244 90 11006 37 11533 3 264 579 3 3 22 19 36191 0 1 2 8425 2 33 39 6681 380 8 16 22 21 308
0 0 0 0 1 0 1 1 3 3 1 7 0 18 0 0 0 0 0 0 1 0 2 1 26 0 6 4 9 3 1 0 0 0 5 1 9 2 8 13 6870 1904 97 196 112 56 138 87 114 16 5400 1 3 14 1 18 0 20 4 247 9 15 70 76 40 26 14 1513 2 22
1 6 13 15 83 0 57 26 37 25 151 7 18 9 29 3 0 9 1 3 102 6 7 7 546 10 6 56 476 52 6 3 1 4 35 207 4 432 25 643 1904 63894 12329 30937 55 29185 250 14097 60 2232 4969 11 286 87 143 869 46 14 277 1151 14 1013 320 10274 1466 699 83 686 197 947
1 30 108 29 30 0 66 30 70 23 68 34 11 32 32 1 1 64 19 29 41 21 18 78 398 15 167 517 298 68 19 34 4 10 52 7277 1 6079 35 29 97 12329 139113 29851 28 33313 588 275 105 29421 273 37 2855 296 641 91 802 23 5697 778 33 5307 1810 43947 5681 12970 270 558 811 4035
5 12 34 61 46 0 117 64 127 64 112 50 20 40 73 8 1 16 2 6 73 17 25 23 1019 13 59 159 574 149 36 35 3 12 102 1284 7 843 82 244 196 30937 29851 77729 130 8516 624 1820 229 23960 1113 40 1279 135 411 717 252 26 883 1262 34 2665 733 3384 1021 6012 188 1509 137 1105
1 6 9 372 20 0 40 11 58 162 36 28 22 15 34 0 1 13 11 5 21 9 67 13 443 3 51 151 186 47 8 14 6 4 38 5 1052 7 611 90 112 55 28 130 10521 117 43 351 33 160 712 51 44 20 30 47 8 3100 3 15377 725 133 2459 363 113 31 12 41 28 174
4 5 4 40 646 0 89 80 48 107 839 4 257 4 37 17 0 4 2 5 468 0 2 4 2898 3 20 93 1823 115 2 7 0 8 64 516 0 182 62 11006 56 29185 33313 8516 117 163564 367 15708 56 6533 445 11 74 215 245 21954 13 13 69 3284 28 613 459 26676 6751 291 74 258 254 3281
0 9 11 25 3 0 8 8 9 9 8 632 3 898 9 0 12 11 23 4 1 3 12 55 154 88 159 446 71 10 6 402 13 2 25 88 16 85 495 37 138 250 588 624 43 367 54801 372 5101 1709 22 43 864 11166 4830 152 71 21 415 237 871 5253 1700 458 892 553 1640 2851 8 14270
1 0 0 4 59 0 7 4 5 10 97 6 64 4 1 1 0 1 3 3 47 1 2 0 307 2 6 22 132 10 2 7 0 0 5 90 8 11 16 11533 87 14097 275 1820 351 15708 372 64056 38 1841 4176 2 39 170 208 40042 4 23 13 5830 29 388 399 2844 1957 64 75 250 10 1416
3 27 16 41 2 0 13 5 17 9 7 2289 5 4467 29 0 5 12 55 31 4 2 23 61 46 497 524 1445 20 11 2 1195 25 0 83 7 96 39 2973 3 114 60 105 229 33 56 5101 38 30614 373 13 10 31 409 112 12 2 91 17 72 7115 785 10212 71 259 29 3070 1769 1 1301
10 2 17 92 44 0 124 64 172 112 116 41 17 32 95 20 2 9 7 7 98 26 13 21 1363 14 41 145 699 167 34 34 5 11 115 12238 10 337 93 264 16 2232 29421 23960 160 6533 1709 1841 373 100571 182 22 651 413 403 735 179 42 387 1614 48 1631 743 3682 11289 5497 280 3020 120 2154
0 0 6 4 5 0 7 3 6 5 10 0 3 0 3 0 1 3 1 1 7 2 0 1 51 1 4 29 33 3 1 2 0 0 5 5 60 11 13 579 5400 4969 273 1113 712 445 22 4176 13 182 6942 7 17 8 10 429 1 111 6 4280 32 34 360 515 71 22 5 607 9 59
8 83 263 337 3 2 45 127 53 93 17 20 2 16 39 18 3136 167 6 24 5 1738 2053 7359 2180 32 186 5842 713 151 393 10 2 36 149 7 103 133 323 3 1 11 37 40 51 11 43 2 10 22 7 38910 382 12 78 2 3594 5695 15505 2256 6 263 20745 898 83 527 8 7 66 510
2 211 385 48 1 0 5 38 11 17 4 181 2 102 8 1 37 269 89 163 2 47 64 260 112 127 967 2679 38 10 27 220 1 1 82 312 56 11710 37 3 3 286 2855 1279 44 74 864 39 31 651 17 382 23725 637 14740 18 908 149 7883 256 66 6513 17664 2597 168 4499 87 25 12 11751
0 10 6 14 0 0 8 3 1 8 0 234 0 329 2 1 18 10 21 15 0 6 7 91 90 57 146 454 28 4 2 184 6 0 13 37 6 51 79 22 14 87 296 135 20 215 11166 170 409 413 8 12 637 6240 7944 73 29 7 119 96 289 3750 1324 240 164 222 542 251 0 1767
2 69 85 42 0 0 7 7 9 17 0 560 4 608 10 0 44 65 158 188 1 21 27 234 93 301 1095 2037 40 7 5 605 4 1 53 146 43 500 118 19 1 143 641 411 30 245 4830 208 112 403 10 78 14740 7944 25285 99 134 46 700 158 322 17648 5080 541 148 1029 226 70 2 11485
0 0 1 9 172 0 30 15 6 26 249 2 77 3 14 6 0 1 1 0 158 0 1 1 732 2 5 22 416 34 1 2 1 3 10 65 1 6 13 36191 18 869 91 717 47 21954 152 40042 12 735 429 2 18 73 99 13467 2 4 5 5637 9 147 165 2671 1100 34 35 85 15 697
5 10 55 54 1 0 10 79 31 11 6 6 0 3 22 4 492 31 3 6 0 1317 500 1825 1209 6 32 455 520 89 391 4 1 33 82 187 16 341 107 0 0 46 802 252 8 13 71 4 2 179 1 3594 908 29 134 2 72344 867 16495 1327 4 185 2536 16949 141 31532 8 15 20 5792
2 84 195 1144 2 0 31 90 50 45 13 36 3 44 47 6 868 161 12 34 7 951 1850 1895 1688 36 205 3932 547 107 236 41 2 23 134 14 3116 54 427 1 20 14 23 26 3100 13 21 23 91 42 111 5695 149 7 46 4 867 27258 591 20011 1660 201 17818 998 63 510 15 9 48 247
0 50 640 100 1 1 19 93 23 60 10 42 2 25 14 5 2593 124 15 24 1 2192 1809 9207 1686 24 198 6532 544 65 364 34 1 19 106 259 14 16252 79 2 4 277 5697 883 3 69 415 13 17 387 6 15505 7883 119 700 5 16495 591 134671 408 23 2626 42383 13929 184 7541 71 42 25 9318
61 49 172 967 1156 7 1014 820 1239 774 2133 290 438 49 814 96 236 143 59 61 1165 1084 864 801 13166 48 256 1115 7808 1709 1021 51 70 166 912 125 2482 214 1785 8425 247 1151 778 1262 15377 3284 237 5830 72 1614 4280 2256 256 96 158 5637 1327 20011 408 88976 918 587 6610 34267 1464 1560 62 241 448 2140
1 26 6 21 1 0 5 6 3 6 6 389 7 588 8 0 6 14 73 75 2 7 13 55 35 180 481 1191 8 4 7 368 7 0 30 7 3237 40 1818 2 9 14 33 34 725 28 871 29 7115 48 32 6 66 289 322 9 4 1660 23 918 8384 1420 8385 53 20 31 241 103 1 247
17 1432 421 285 1 0 32 61 94 111 28 2632 18 2294 68 2 120 832 918 1644 13 79 224 724 423 1665 8055 14255 106 66 89 2519 31 7 486 334 296 22752 567 33 15 1013 5307 2665 133 613 5253 388 785 1631 34 263 6513 3750 17648 147 185 201 2626 587 1420 136539 26421 2877 493 1290 2051 344 19 2943
28 4341 6673 1212 20 4 108 512 275 443 105 3238 51 3363 179 20 750 4246 1225 2895 24 680 2111 10047 1905 2188 14827 67043 751 223 326 2992 50 11 1715 199 9061 29669 6597 39 70 320 1810 733 2459 459 1700 399 10212 743 360 20745 17664 1324 5080 165 2536 17818 42383 6610 8385 26421 200995 6632 322 1342 3147 242 20 7117
41 50 189 337 783 4 637 650 745 318 1469 152 284 26 476 51 160 132 34 40 787 942 571 691 7743 35 208 995 5684 1021 957 37 35 107 561 551 34 5467 395 6681 76 10274 43947 3384 363 26676 458 2844 71 3682 515 898 2597 240 541 2671 16949 998 13929 34267 53 2877 6632 157546 5449 17828 164 424 1729 9096
5 1 7 45 45 1 96 70 99 74 105 16 14 14 69 12 0 7 1 1 58 32 20 15 888 6 24 50 518 114 38 13 5 7 77 11635 5 161 77 380 40 1466 5681 1021 113 6751 892 1957 259 11289 71 83 168 164 148 1100 141 63 184 1464 20 493 322 5449 106389 8541 118 3570 6335 2485
9 22 50 62 1 0 63 153 80 17 19 60 6 26 40 1 46 26 13 20 2 880 218 348 1348 13 125 263 890 197 377 49 5 38 125 13788 6 445 111 8 26 699 12970 6012 31 291 553 64 29 5497 22 527 4499 222 1029 34 31532 510 7541 1560 31 1290 1342 17828 8541 67417 73 191 807 13056
0 22 4 18 0 0 3 1 1 9 3 330 0 674 2 0 9 8 17 23 1 2 8 32 42 111 161 547 8 2 2 279 7 0 36 33 17 85 200 16 14 83 270 188 12 74 1640 75 3070 280 5 8 87 542 226 35 8 15 71 62 241 2051 3147 164 118 73 727 286 4 297
0 0 3 8 4 0 11 17 15 13 10 105 2 123 10 0 0 1 4 0 11 3 4 1 186 10 9 24 112 20 4 17 1 0 10 29 7 12 104 22 1513 686 558 1509 41 258 2851 250 1769 3020 607 7 25 251 70 85 15 9 42 241 103 344 242 424 3570 191 286 5899 4 910
0 0 2 10 2 0 10 23 23 7 21 2 3 1 18 3 1 1 0 0 9 19 12 0 165 0 1 8 123 35 28 0 0 6 16 78 0 15 28 21 2 197 811 137 28 254 8 10 1 120 9 66 12 0 2 15 20 48 25 448 1 19 20 1729 6335 807 4 4 13360 838
9 42 67 59 50 1 86 82 130 91 156 131 7 150 67 8 22 51 26 44 74 120 71 125 1195 43 252 601 624 148 78 80 8 7 114 547 45 693 203 308 22 947 4035 1105 174 3281 14270 1416 1301 2154 59 510 11751 1767 11485 697 5792 247 9318 2140 247 2943 7117 9096 2485 13056 297 910 838 39002
